|1.00||1.00||1.00||1.00||1.00||1.00||1.00||1.00||1.00|
|1.00||0.91||0.87||0.86||0.86||0.86||0.87||0.91||1.00|
|1.00||0.87||0.80||0.79||0.80||0.79||0.80||0.87||1.00|
|1.00||0.86||0.79||0.79||0.80||0.79||0.79||0.86||1.00|
|1.00||0.86||0.80||0.80||0.81||0.80||0.80||0.86||1.00|
|1.00||0.86||0.79||0.79||0.80||0.79||0.79||0.86||1.00|
|1.00||0.87||0.80||0.79||0.80||0.79||0.80||0.87||1.00|
|1.00||0.91||0.87||0.86||0.86||0.86||0.87||0.91||1.00|
|1.00||1.00||1.00||1.00||1.00||1.00||1.00||1.00||1.00|
