|1||1||1||1||1||1||1||1||1||1||1||1||1||1||1||1||1||1||1||1||1||1||1||1||1||1||1||1||1||1||1||1||1||1||1||1||1||1||1||1||1||1||1||1||1||1||1||1||1||1||1||1||1||1||1||1||1||1||1||1||1||1||1||1||1||1||1||1||1||1||1||1||1||1||1||1||1||1||1||1||1|
|1||0.913955||0.868954||0.855495||0.857653||0.857384||0.855953||0.855153||0.855175||0.855348||0.855438||0.855397||0.855302||0.855225||0.855208||0.855251||0.855338||0.855437||0.855527||0.855587||0.855608||0.855587||0.855527||0.855437||0.855338||0.855251||0.855208||0.855225||0.855302||0.855397||0.855438||0.855348||0.855175||0.855153||0.855953||0.857384||0.857653||0.855495||0.868954||0.913955||1||0.507812||0.507812||0.507812||0.507812||0.507812||0.507812||0.507812||0.507812||0.507812||0.507812||0.507812||0.507812||0.507812||0.507812||0.507812||0.507812||0.507812||0.507812||0.507812||0.507812||0.507812||0.507812||0.507812||0.507812||0.507812||0.507812||0.507812||0.507812||0.507812||0.507812||0.507812||0.507812||0.507812||0.507812||0.507812||0.511719||0.53125||0.609375||0.765625||1|
|1||0.868954||0.796188||0.786504||0.791785||0.79221||0.789783||0.788617||0.788771||0.789227||0.789439||0.789389||0.78922||0.789087||0.789067||0.789168||0.789347||0.789552||0.789733||0.789855||0.789897||0.789855||0.789733||0.789552||0.789347||0.789168||0.789067||0.789087||0.78922||0.789389||0.789439||0.789227||0.788771||0.788617||0.789783||0.79221||0.791785||0.786504||0.796188||0.868954||1||0.179688||0.179688||0.179688||0.179688||0.179688||0.179688||0.179688||0.179688||0.179688||0.179688||0.179688||0.179688||0.179688||0.179688||0.179688||0.179688||0.179688||0.179688||0.179688||0.179688||0.179688||0.179688||0.179688||0.179688||0.179688||0.179688||0.179688||0.179688||0.179688||0.179688||0.179688||0.179688||0.179688||0.179688||0.179688||0.183594||0.21875||0.335938||0.609375||1|
|1||0.855495||0.786504||0.781841||0.791488||0.792752||0.789474||0.788299||0.788941||0.789757||0.790168||0.790149||0.789946||0.789787||0.789794||0.78997||0.790259||0.790577||0.790855||0.791041||0.791107||0.791041||0.790855||0.790577||0.790259||0.78997||0.789794||0.789787||0.789946||0.790149||0.790168||0.789757||0.788941||0.788299||0.789474||0.792752||0.791488||0.781841||0.786504||0.855495||1||0.0390625||0.0390625||0.0390625||0.0390625||0.0390625||0.0390625||0.0390625||0.0390625||0.0390625||0.0390625||0.0390625||0.0390625||0.0390625||0.0390625||0.0390625||0.0390625||0.0390625||0.0390625||0.0390625||0.0390625||0.0390625||0.0390625||0.0390625||0.0390625||0.0390625||0.0390625||0.0390625||0.0390625||0.0390625||0.0390625||0.0390625||0.0390625||0.0390625||0.0390625||0.0390625||0.0429688||0.078125||0.21875||0.53125||1|
|1||0.857653||0.791785||0.791488||0.803454||0.803508||0.800042||0.799522||0.800782||0.80209||0.80274||0.802793||0.802594||0.802448||0.802512||0.802793||0.803208||0.803654||0.804035||0.80429||0.804379||0.80429||0.804035||0.803654||0.803208||0.802793||0.802512||0.802448||0.802594||0.802793||0.80274||0.80209||0.800782||0.799522||0.800042||0.803508||0.803454||0.791488||0.791785||0.857653||1||0.00390625||0.00390625||0.00390625||0.00390625||0.00390625||0.00390625||0.00390625||0.00390625||0.00390625||0.00390625||0.00390625||0.00390625||0.00390625||0.00390625||0.00390625||0.00390625||0.00390625||0.00390625||0.00390625||0.00390625||0.00390625||0.00390625||0.00390625||0.00390625||0.00390625||0.00390625||0.00390625||0.00390625||0.00390625||0.00390625||0.00390625||0.00390625||0.00390625||0.00390625||0.00390625||0.0078125||0.0429688||0.183594||0.511719||1|
|1||0.857384||0.79221||0.792752||0.803508||0.803279||0.800552||0.800845||0.802885||0.804689||0.805584||0.805735||0.805567||0.805473||0.805634||0.806046||0.806611||0.807194||0.807689||0.808015||0.808129||0.808015||0.807689||0.807194||0.806611||0.806046||0.805634||0.805473||0.805567||0.805735||0.805584||0.804689||0.802885||0.800845||0.800552||0.803279||0.803508||0.792752||0.79221||0.857384||1||0||0||0||0||0||0||0||0||0||0||0||0||0||0||0||0||0||0||0||0||0||0||0||0||0||0||0||0||0||0||0||0||0||0||0||0.00390625||0.0390625||0.179688||0.507812||1|
|1||0.855953||0.789783||0.789474||0.800042||0.800552||0.798707||0.799958||0.802708||0.80494||0.806061||0.80629||0.806189||0.806185||0.806478||0.807057||0.807788||0.808525||0.809138||0.809539||0.809678||0.809539||0.809138||0.808525||0.807788||0.807057||0.806478||0.806185||0.806189||0.80629||0.806061||0.80494||0.802708||0.799958||0.798707||0.800552||0.800042||0.789474||0.789783||0.855953||1||1.665e-321||1||0.855153||0.788617||0.788299||0.799522||0.800845||0.799958||0.802003||0.8053||0.807869||0.809125||0.80945||0.809435||0.809564||0.810034||0.810801||0.811721||0.812618||0.813355||0.813833||0.813998||0.813833||0.813355||0.812618||0.811721||0.810801||0.810034||0.809564||0.809435||0.80945||0.809125||0.807869||0.8053||0.802003||0.799958||0.800845||0.799522||0.788299||0.788617|
|1||0.855153||0.788617||0.788299||0.799522||0.800845||0.799958||0.802003||0.8053||0.807869||0.809125||0.80945||0.809435||0.809564||0.810034||0.810801||0.811721||0.812618||0.813355||0.813833||0.813998||0.813833||0.813355||0.812618||0.811721||0.810801||0.810034||0.809564||0.809435||0.80945||0.809125||0.807869||0.8053||0.802003||0.799958||0.800845||0.799522||0.788299||0.788617||0.855153||1||1.665e-321||1||0.855348||0.789227||0.789757||0.80209||0.804689||0.80494||0.807869||0.811725||0.814605||0.816071||0.816615||0.816916||0.81744||0.818351||0.819559||0.820879||0.82211||0.823096||0.823728||0.823945||0.823728||0.823096||0.82211||0.820879||0.819559||0.818351||0.81744||0.816916||0.816615||0.816071||0.814605||0.811725||0.807869||0.80494||0.804689||0.80209||0.789757||0.789227|
|1||0.855175||0.788771||0.788941||0.800782||0.802885||0.802708||0.8053||0.808981||0.811725||0.813104||0.813514||0.813633||0.813943||0.814617||0.815601||0.816717||0.817781||0.818643||0.819199||0.819391||0.819199||0.818643||0.817781||0.816717||0.815601||0.814617||0.813943||0.813633||0.813514||0.813104||0.811725||0.808981||0.8053||0.802708||0.802885||0.800782||0.788941||0.788771||0.855175||1||1.665e-321||1||0.855438||0.789439||0.790168||0.80274||0.805584||0.806061||0.809125||0.813104||0.816071||0.817671||0.818397||0.818918||0.819692||0.820847||0.822286||0.823805||0.825198||0.826303||0.827006||0.827248||0.827006||0.826303||0.825198||0.823805||0.822286||0.820847||0.819692||0.818918||0.818397||0.817671||0.816071||0.813104||0.809125||0.806061||0.805584||0.80274||0.790168||0.789439|
|1||0.855348||0.789227||0.789757||0.80209||0.804689||0.80494||0.807869||0.811725||0.814605||0.816071||0.816615||0.816916||0.81744||0.818351||0.819559||0.820879||0.82211||0.823096||0.823728||0.823945||0.823728||0.823096||0.82211||0.820879||0.819559||0.818351||0.81744||0.816916||0.816615||0.816071||0.814605||0.811725||0.807869||0.80494||0.804689||0.80209||0.789757||0.789227||0.855348||1||1.665e-321||1||0.855397||0.789389||0.790149||0.802793||0.805735||0.80629||0.80945||0.813514||0.816615||0.818397||0.819344||0.820121||0.821151||0.822555||0.824216||0.825925||0.827471||0.828684||0.829454||0.829717||0.829454||0.828684||0.827471||0.825925||0.824216||0.822555||0.821151||0.820121||0.819344||0.818397||0.816615||0.813514||0.80945||0.80629||0.805735||0.802793||0.790149||0.789389|
|1||0.855438||0.789439||0.790168||0.80274||0.805584||0.806061||0.809125||0.813104||0.816071||0.817671||0.818397||0.818918||0.819692||0.820847||0.822286||0.823805||0.825198||0.826303||0.827006||0.827248||0.827006||0.826303||0.825198||0.823805||0.822286||0.820847||0.819692||0.818918||0.818397||0.817671||0.816071||0.813104||0.809125||0.806061||0.805584||0.80274||0.790168||0.789439||0.855438||1||1.665e-321||1||0.855302||0.78922||0.789946||0.802594||0.805567||0.806189||0.809435||0.813633||0.816916||0.818918||0.820121||0.821157||0.822444||0.824084||0.825954||0.827838||0.829518||0.83083||0.831657||0.831941||0.831657||0.83083||0.829518||0.827838||0.825954||0.824084||0.822444||0.821157||0.820121||0.818918||0.816916||0.813633||0.809435||0.806189||0.805567||0.802594||0.789946||0.78922|
|1||0.855397||0.789389||0.790149||0.802793||0.805735||0.80629||0.80945||0.813514||0.816615||0.818397||0.819344||0.820121||0.821151||0.822555||0.824216||0.825925||0.827471||0.828684||0.829454||0.829717||0.829454||0.828684||0.827471||0.825925||0.824216||0.822555||0.821151||0.820121||0.819344||0.818397||0.816615||0.813514||0.80945||0.80629||0.805735||0.802793||0.790149||0.789389||0.855397||1||1.665e-321||1||0.855225||0.789087||0.789787||0.802448||0.805473||0.806185||0.809564||0.813943||0.81744||0.819692||0.821151||0.822444||0.823972||0.825829||0.827886||0.829922||0.831722||0.833115||0.833993||0.834292||0.833993||0.833115||0.831722||0.829922||0.827886||0.825829||0.823972||0.822444||0.821151||0.819692||0.81744||0.813943||0.809564||0.806185||0.805473||0.802448||0.789787||0.789087|
|1||0.855302||0.78922||0.789946||0.802594||0.805567||0.806189||0.809435||0.813633||0.816916||0.818918||0.820121||0.821157||0.822444||0.824084||0.825954||0.827838||0.829518||0.83083||0.831657||0.831941||0.831657||0.83083||0.829518||0.827838||0.825954||0.824084||0.822444||0.821157||0.820121||0.818918||0.816916||0.813633||0.809435||0.806189||0.805567||0.802594||0.789946||0.78922||0.855302||1||1.665e-321||1||0.855208||0.789067||0.789794||0.802512||0.805634||0.806478||0.810034||0.814617||0.818351||0.820847||0.822555||0.824084||0.825829||0.827878||0.830095||0.832261||0.834157||0.83562||0.836536||0.836849||0.836536||0.83562||0.834157||0.832261||0.830095||0.827878||0.825829||0.824084||0.822555||0.820847||0.818351||0.814617||0.810034||0.806478||0.805634||0.802512||0.789794||0.789067|
|1||0.855225||0.789087||0.789787||0.802448||0.805473||0.806185||0.809564||0.813943||0.81744||0.819692||0.821151||0.822444||0.823972||0.825829||0.827886||0.829922||0.831722||0.833115||0.833993||0.834292||0.833993||0.833115||0.831722||0.829922||0.827886||0.825829||0.823972||0.822444||0.821151||0.819692||0.81744||0.813943||0.809564||0.806185||0.805473||0.802448||0.789787||0.789087||0.855225||1||1.665e-321||1||0.855251||0.789168||0.78997||0.802793||0.806046||0.807057||0.810801||0.815601||0.819559||0.822286||0.824216||0.825954||0.827886||0.830095||0.832446||0.834715||0.83669||0.838203||0.839151||0.839473||0.839151||0.838203||0.83669||0.834715||0.832446||0.830095||0.827886||0.825954||0.824216||0.822286||0.819559||0.815601||0.810801||0.807057||0.806046||0.802793||0.78997||0.789168|
|1||0.855208||0.789067||0.789794||0.802512||0.805634||0.806478||0.810034||0.814617||0.818351||0.820847||0.822555||0.824084||0.825829||0.827878||0.830095||0.832261||0.834157||0.83562||0.836536||0.836849||0.836536||0.83562||0.834157||0.832261||0.830095||0.827878||0.825829||0.824084||0.822555||0.820847||0.818351||0.814617||0.810034||0.806478||0.805634||0.802512||0.789794||0.789067||0.855208||1||1.665e-321||1||0.855338||0.789347||0.790259||0.803208||0.806611||0.807788||0.811721||0.816717||0.820879||0.823805||0.825925||0.827838||0.829922||0.832261||0.834715||0.837065||0.839096||0.84065||0.841618||0.841947||0.841618||0.84065||0.839096||0.837065||0.834715||0.832261||0.829922||0.827838||0.825925||0.823805||0.820879||0.816717||0.811721||0.807788||0.806611||0.803208||0.790259||0.789347|
|1||0.855251||0.789168||0.78997||0.802793||0.806046||0.807057||0.810801||0.815601||0.819559||0.822286||0.824216||0.825954||0.827886||0.830095||0.832446||0.834715||0.83669||0.838203||0.839151||0.839473||0.839151||0.838203||0.83669||0.834715||0.832446||0.830095||0.827886||0.825954||0.824216||0.822286||0.819559||0.815601||0.810801||0.807057||0.806046||0.802793||0.78997||0.789168||0.855251||1||1.665e-321||1||0.855437||0.789552||0.790577||0.803654||0.807194||0.808525||0.812618||0.817781||0.82211||0.825198||0.827471||0.829518||0.831722||0.834157||0.83669||0.839096||0.841169||0.842748||0.843732||0.844065||0.843732||0.842748||0.841169||0.839096||0.83669||0.834157||0.831722||0.829518||0.827471||0.825198||0.82211||0.817781||0.812618||0.808525||0.807194||0.803654||0.790577||0.789552|
|1||0.855338||0.789347||0.790259||0.803208||0.806611||0.807788||0.811721||0.816717||0.820879||0.823805||0.825925||0.827838||0.829922||0.832261||0.834715||0.837065||0.839096||0.84065||0.841618||0.841947||0.841618||0.84065||0.839096||0.837065||0.834715||0.832261||0.829922||0.827838||0.825925||0.823805||0.820879||0.816717||0.811721||0.807788||0.806611||0.803208||0.790259||0.789347||0.855338||1||1.665e-321||1||0.855527||0.789733||0.790855||0.804035||0.807689||0.809138||0.813355||0.818643||0.823096||0.826303||0.828684||0.83083||0.833115||0.83562||0.838203||0.84065||0.842748||0.844343||0.845335||0.845672||0.845335||0.844343||0.842748||0.84065||0.838203||0.83562||0.833115||0.83083||0.828684||0.826303||0.823096||0.818643||0.813355||0.809138||0.807689||0.804035||0.790855||0.789733|
|1||0.855437||0.789552||0.790577||0.803654||0.807194||0.808525||0.812618||0.817781||0.82211||0.825198||0.827471||0.829518||0.831722||0.834157||0.83669||0.839096||0.841169||0.842748||0.843732||0.844065||0.843732||0.842748||0.841169||0.839096||0.83669||0.834157||0.831722||0.829518||0.827471||0.825198||0.82211||0.817781||0.812618||0.808525||0.807194||0.803654||0.790577||0.789552||0.855437||1||1.665e-321||1||0.855587||0.789855||0.791041||0.80429||0.808015||0.809539||0.813833||0.819199||0.823728||0.827006||0.829454||0.831657||0.833993||0.836536||0.839151||0.841618||0.843732||0.845335||0.846333||0.84667||0.846333||0.845335||0.843732||0.841618||0.839151||0.836536||0.833993||0.831657||0.829454||0.827006||0.823728||0.819199||0.813833||0.809539||0.808015||0.80429||0.791041||0.789855|
|1||0.855527||0.789733||0.790855||0.804035||0.807689||0.809138||0.813355||0.818643||0.823096||0.826303||0.828684||0.83083||0.833115||0.83562||0.838203||0.84065||0.842748||0.844343||0.845335||0.845672||0.845335||0.844343||0.842748||0.84065||0.838203||0.83562||0.833115||0.83083||0.828684||0.826303||0.823096||0.818643||0.813355||0.809138||0.807689||0.804035||0.790855||0.789733||0.855527||1||1.665e-321||1||0.855608||0.789897||0.791107||0.804379||0.808129||0.809678||0.813998||0.819391||0.823945||0.827248||0.829717||0.831941||0.834292||0.836849||0.839473||0.841947||0.844065||0.845672||0.84667||0.847008||0.84667||0.845672||0.844065||0.841947||0.839473||0.836849||0.834292||0.831941||0.829717||0.827248||0.823945||0.819391||0.813998||0.809678||0.808129||0.804379||0.791107||0.789897|
|1||0.855587||0.789855||0.791041||0.80429||0.808015||0.809539||0.813833||0.819199||0.823728||0.827006||0.829454||0.831657||0.833993||0.836536||0.839151||0.841618||0.843732||0.845335||0.846333||0.84667||0.846333||0.845335||0.843732||0.841618||0.839151||0.836536||0.833993||0.831657||0.829454||0.827006||0.823728||0.819199||0.813833||0.809539||0.808015||0.80429||0.791041||0.789855||0.855587||1||1.665e-321||1||0.855587||0.789855||0.791041||0.80429||0.808015||0.809539||0.813833||0.819199||0.823728||0.827006||0.829454||0.831657||0.833993||0.836536||0.839151||0.841618||0.843732||0.845335||0.846333||0.84667||0.846333||0.845335||0.843732||0.841618||0.839151||0.836536||0.833993||0.831657||0.829454||0.827006||0.823728||0.819199||0.813833||0.809539||0.808015||0.80429||0.791041||0.789855|
|1||0.855608||0.789897||0.791107||0.804379||0.808129||0.809678||0.813998||0.819391||0.823945||0.827248||0.829717||0.831941||0.834292||0.836849||0.839473||0.841947||0.844065||0.845672||0.84667||0.847008||0.84667||0.845672||0.844065||0.841947||0.839473||0.836849||0.834292||0.831941||0.829717||0.827248||0.823945||0.819391||0.813998||0.809678||0.808129||0.804379||0.791107||0.789897||0.855608||1||1.665e-321||1||0.825483||0.768956||0.789693||0.803368||0.800068||0.798548||0.801597||0.805458||0.808134||0.809289||0.809416||0.809264||0.809338||0.809813||0.810623||0.811583||0.812516||0.813275||0.813767||0.813937||0.813767||0.813275||0.812516||0.811583||0.810623||0.809813||0.809338||0.809264||0.809416||0.809289||0.808134||0.805458||0.801597||0.798548||0.800068||0.803368||0.789693||0.768956|
|1||0.855587||0.789855||0.791041||0.80429||0.808015||0.809539||0.813833||0.819199||0.823728||0.827006||0.829454||0.831657||0.833993||0.836536||0.839151||0.841618||0.843732||0.845335||0.846333||0.84667||0.846333||0.845335||0.843732||0.841618||0.839151||0.836536||0.833993||0.831657||0.829454||0.827006||0.823728||0.819199||0.813833||0.809539||0.808015||0.80429||0.791041||0.789855||0.855587||1||1.665e-321||1||0.855527||0.789733||0.790855||0.804035||0.807689||0.809138||0.813355||0.818643||0.823096||0.826303||0.828684||0.83083||0.833115||0.83562||0.838203||0.84065||0.842748||0.844343||0.845335||0.845672||0.845335||0.844343||0.842748||0.84065||0.838203||0.83562||0.833115||0.83083||0.828684||0.826303||0.823096||0.818643||0.813355||0.809138||0.807689||0.804035||0.790855||0.789733|
|1||0.855527||0.789733||0.790855||0.804035||0.807689||0.809138||0.813355||0.818643||0.823096||0.826303||0.828684||0.83083||0.833115||0.83562||0.838203||0.84065||0.842748||0.844343||0.845335||0.845672||0.845335||0.844343||0.842748||0.84065||0.838203||0.83562||0.833115||0.83083||0.828684||0.826303||0.823096||0.818643||0.813355||0.809138||0.807689||0.804035||0.790855||0.789733||0.855527||1||1.665e-321||1||0.855437||0.789552||0.790577||0.803654||0.807194||0.808525||0.812618||0.817781||0.82211||0.825198||0.827471||0.829518||0.831722||0.834157||0.83669||0.839096||0.841169||0.842748||0.843732||0.844065||0.843732||0.842748||0.841169||0.839096||0.83669||0.834157||0.831722||0.829518||0.827471||0.825198||0.82211||0.817781||0.812618||0.808525||0.807194||0.803654||0.790577||0.789552|
|1||0.855437||0.789552||0.790577||0.803654||0.807194||0.808525||0.812618||0.817781||0.82211||0.825198||0.827471||0.829518||0.831722||0.834157||0.83669||0.839096||0.841169||0.842748||0.843732||0.844065||0.843732||0.842748||0.841169||0.839096||0.83669||0.834157||0.831722||0.829518||0.827471||0.825198||0.82211||0.817781||0.812618||0.808525||0.807194||0.803654||0.790577||0.789552||0.855437||1||1.665e-321||1||0.855338||0.789347||0.790259||0.803208||0.806611||0.807788||0.811721||0.816717||0.820879||0.823805||0.825925||0.827838||0.829922||0.832261||0.834715||0.837065||0.839096||0.84065||0.841618||0.841947||0.841618||0.84065||0.839096||0.837065||0.834715||0.832261||0.829922||0.827838||0.825925||0.823805||0.820879||0.816717||0.811721||0.807788||0.806611||0.803208||0.790259||0.789347|
|1||0.855338||0.789347||0.790259||0.803208||0.806611||0.807788||0.811721||0.816717||0.820879||0.823805||0.825925||0.827838||0.829922||0.832261||0.834715||0.837065||0.839096||0.84065||0.841618||0.841947||0.841618||0.84065||0.839096||0.837065||0.834715||0.832261||0.829922||0.827838||0.825925||0.823805||0.820879||0.816717||0.811721||0.807788||0.806611||0.803208||0.790259||0.789347||0.855338||1||1.665e-321||1||0.855251||0.789168||0.78997||0.802793||0.806046||0.807057||0.810801||0.815601||0.819559||0.822286||0.824216||0.825954||0.827886||0.830095||0.832446||0.834715||0.83669||0.838203||0.839151||0.839473||0.839151||0.838203||0.83669||0.834715||0.832446||0.830095||0.827886||0.825954||0.824216||0.822286||0.819559||0.815601||0.810801||0.807057||0.806046||0.802793||0.78997||0.789168|
|1||0.855251||0.789168||0.78997||0.802793||0.806046||0.807057||0.810801||0.815601||0.819559||0.822286||0.824216||0.825954||0.827886||0.830095||0.832446||0.834715||0.83669||0.838203||0.839151||0.839473||0.839151||0.838203||0.83669||0.834715||0.832446||0.830095||0.827886||0.825954||0.824216||0.822286||0.819559||0.815601||0.810801||0.807057||0.806046||0.802793||0.78997||0.789168||0.855251||1||1.665e-321||1||0.855208||0.789067||0.789794||0.802512||0.805634||0.806478||0.810034||0.814617||0.818351||0.820847||0.822555||0.824084||0.825829||0.827878||0.830095||0.832261||0.834157||0.83562||0.836536||0.836849||0.836536||0.83562||0.834157||0.832261||0.830095||0.827878||0.825829||0.824084||0.822555||0.820847||0.818351||0.814617||0.810034||0.806478||0.805634||0.802512||0.789794||0.789067|
|1||0.855208||0.789067||0.789794||0.802512||0.805634||0.806478||0.810034||0.814617||0.818351||0.820847||0.822555||0.824084||0.825829||0.827878||0.830095||0.832261||0.834157||0.83562||0.836536||0.836849||0.836536||0.83562||0.834157||0.832261||0.830095||0.827878||0.825829||0.824084||0.822555||0.820847||0.818351||0.814617||0.810034||0.806478||0.805634||0.802512||0.789794||0.789067||0.855208||1||1.665e-321||1||0.855225||0.789087||0.789787||0.802448||0.805473||0.806185||0.809564||0.813943||0.81744||0.819692||0.821151||0.822444||0.823972||0.825829||0.827886||0.829922||0.831722||0.833115||0.833993||0.834292||0.833993||0.833115||0.831722||0.829922||0.827886||0.825829||0.823972||0.822444||0.821151||0.819692||0.81744||0.813943||0.809564||0.806185||0.805473||0.802448||0.789787||0.789087|
|1||0.855225||0.789087||0.789787||0.802448||0.805473||0.806185||0.809564||0.813943||0.81744||0.819692||0.821151||0.822444||0.823972||0.825829||0.827886||0.829922||0.831722||0.833115||0.833993||0.834292||0.833993||0.833115||0.831722||0.829922||0.827886||0.825829||0.823972||0.822444||0.821151||0.819692||0.81744||0.813943||0.809564||0.806185||0.805473||0.802448||0.789787||0.789087||0.855225||1||1.665e-321||1||0.855302||0.78922||0.789946||0.802594||0.805567||0.806189||0.809435||0.813633||0.816916||0.818918||0.820121||0.821157||0.822444||0.824084||0.825954||0.827838||0.829518||0.83083||0.831657||0.831941||0.831657||0.83083||0.829518||0.827838||0.825954||0.824084||0.822444||0.821157||0.820121||0.818918||0.816916||0.813633||0.809435||0.806189||0.805567||0.802594||0.789946||0.78922|
|1||0.855302||0.78922||0.789946||0.802594||0.805567||0.806189||0.809435||0.813633||0.816916||0.818918||0.820121||0.821157||0.822444||0.824084||0.825954||0.827838||0.829518||0.83083||0.831657||0.831941||0.831657||0.83083||0.829518||0.827838||0.825954||0.824084||0.822444||0.821157||0.820121||0.818918||0.816916||0.813633||0.809435||0.806189||0.805567||0.802594||0.789946||0.78922||0.855302||1||1.665e-321||1||0.855397||0.789389||0.790149||0.802793||0.805735||0.80629||0.80945||0.813514||0.816615||0.818397||0.819344||0.820121||0.821151||0.822555||0.824216||0.825925||0.827471||0.828684||0.829454||0.829717||0.829454||0.828684||0.827471||0.825925||0.824216||0.822555||0.821151||0.820121||0.819344||0.818397||0.816615||0.813514||0.80945||0.80629||0.805735||0.802793||0.790149||0.789389|
|1||0.855397||0.789389||0.790149||0.802793||0.805735||0.80629||0.80945||0.813514||0.816615||0.818397||0.819344||0.820121||0.821151||0.822555||0.824216||0.825925||0.827471||0.828684||0.829454||0.829717||0.829454||0.828684||0.827471||0.825925||0.824216||0.822555||0.821151||0.820121||0.819344||0.818397||0.816615||0.813514||0.80945||0.80629||0.805735||0.802793||0.790149||0.789389||0.855397||1||1.665e-321||1||0.855438||0.789439||0.790168||0.80274||0.805584||0.806061||0.809125||0.813104||0.816071||0.817671||0.818397||0.818918||0.819692||0.820847||0.822286||0.823805||0.825198||0.826303||0.827006||0.827248||0.827006||0.826303||0.825198||0.823805||0.822286||0.820847||0.819692||0.818918||0.818397||0.817671||0.816071||0.813104||0.809125||0.806061||0.805584||0.80274||0.790168||0.789439|
|1||0.855438||0.789439||0.790168||0.80274||0.805584||0.806061||0.809125||0.813104||0.816071||0.817671||0.818397||0.818918||0.819692||0.820847||0.822286||0.823805||0.825198||0.826303||0.827006||0.827248||0.827006||0.826303||0.825198||0.823805||0.822286||0.820847||0.819692||0.818918||0.818397||0.817671||0.816071||0.813104||0.809125||0.806061||0.805584||0.80274||0.790168||0.789439||0.855438||1||1.665e-321||1||0.855348||0.789227||0.789757||0.80209||0.804689||0.80494||0.807869||0.811725||0.814605||0.816071||0.816615||0.816916||0.81744||0.818351||0.819559||0.820879||0.82211||0.823096||0.823728||0.823945||0.823728||0.823096||0.82211||0.820879||0.819559||0.818351||0.81744||0.816916||0.816615||0.816071||0.814605||0.811725||0.807869||0.80494||0.804689||0.80209||0.789757||0.789227|
|1||0.855348||0.789227||0.789757||0.80209||0.804689||0.80494||0.807869||0.811725||0.814605||0.816071||0.816615||0.816916||0.81744||0.818351||0.819559||0.820879||0.82211||0.823096||0.823728||0.823945||0.823728||0.823096||0.82211||0.820879||0.819559||0.818351||0.81744||0.816916||0.816615||0.816071||0.814605||0.811725||0.807869||0.80494||0.804689||0.80209||0.789757||0.789227||0.855348||1||1.665e-321||1||0.855175||0.788771||0.788941||0.800782||0.802885||0.802708||0.8053||0.808981||0.811725||0.813104||0.813514||0.813633||0.813943||0.814617||0.815601||0.816717||0.817781||0.818643||0.819199||0.819391||0.819199||0.818643||0.817781||0.816717||0.815601||0.814617||0.813943||0.813633||0.813514||0.813104||0.811725||0.808981||0.8053||0.802708||0.802885||0.800782||0.788941||0.788771|
|1||0.855175||0.788771||0.788941||0.800782||0.802885||0.802708||0.8053||0.808981||0.811725||0.813104||0.813514||0.813633||0.813943||0.814617||0.815601||0.816717||0.817781||0.818643||0.819199||0.819391||0.819199||0.818643||0.817781||0.816717||0.815601||0.814617||0.813943||0.813633||0.813514||0.813104||0.811725||0.808981||0.8053||0.802708||0.802885||0.800782||0.788941||0.788771||0.855175||1||1.665e-321||1||0.855153||0.788617||0.788299||0.799522||0.800845||0.799958||0.802003||0.8053||0.807869||0.809125||0.80945||0.809435||0.809564||0.810034||0.810801||0.811721||0.812618||0.813355||0.813833||0.813998||0.813833||0.813355||0.812618||0.811721||0.810801||0.810034||0.809564||0.809435||0.80945||0.809125||0.807869||0.8053||0.802003||0.799958||0.800845||0.799522||0.788299||0.788617|
|1||0.855153||0.788617||0.788299||0.799522||0.800845||0.799958||0.802003||0.8053||0.807869||0.809125||0.80945||0.809435||0.809564||0.810034||0.810801||0.811721||0.812618||0.813355||0.813833||0.813998||0.813833||0.813355||0.812618||0.811721||0.810801||0.810034||0.809564||0.809435||0.80945||0.809125||0.807869||0.8053||0.802003||0.799958||0.800845||0.799522||0.788299||0.788617||0.855153||1||1.665e-321||1||0.855953||0.789783||0.789474||0.800042||0.800552||0.798707||0.799958||0.802708||0.80494||0.806061||0.80629||0.806189||0.806185||0.806478||0.807057||0.807788||0.808525||0.809138||0.809539||0.809678||0.809539||0.809138||0.808525||0.807788||0.807057||0.806478||0.806185||0.806189||0.80629||0.806061||0.80494||0.802708||0.799958||0.798707||0.800552||0.800042||0.789474||0.789783|
|1||0.855953||0.789783||0.789474||0.800042||0.800552||0.798707||0.799958||0.802708||0.80494||0.806061||0.80629||0.806189||0.806185||0.806478||0.807057||0.807788||0.808525||0.809138||0.809539||0.809678||0.809539||0.809138||0.808525||0.807788||0.807057||0.806478||0.806185||0.806189||0.80629||0.806061||0.80494||0.802708||0.799958||0.798707||0.800552||0.800042||0.789474||0.789783||0.855953||1||1.665e-321||1||0.857384||0.79221||0.792752||0.803508||0.803279||0.800552||0.800845||0.802885||0.804689||0.805584||0.805735||0.805567||0.805473||0.805634||0.806046||0.806611||0.807194||0.807689||0.808015||0.808129||0.808015||0.807689||0.807194||0.806611||0.806046||0.805634||0.805473||0.805567||0.805735||0.805584||0.804689||0.802885||0.800845||0.800552||0.803279||0.803508||0.792752||0.79221|
|1||0.857384||0.79221||0.792752||0.803508||0.803279||0.800552||0.800845||0.802885||0.804689||0.805584||0.805735||0.805567||0.805473||0.805634||0.806046||0.806611||0.807194||0.807689||0.808015||0.808129||0.808015||0.807689||0.807194||0.806611||0.806046||0.805634||0.805473||0.805567||0.805735||0.805584||0.804689||0.802885||0.800845||0.800552||0.803279||0.803508||0.792752||0.79221||0.857384||1||1.665e-321||1||0.857653||0.791785||0.791488||0.803454||0.803508||0.800042||0.799522||0.800782||0.80209||0.80274||0.802793||0.802594||0.802448||0.802512||0.802793||0.803208||0.803654||0.804035||0.80429||0.804379||0.80429||0.804035||0.803654||0.803208||0.802793||0.802512||0.802448||0.802594||0.802793||0.80274||0.80209||0.800782||0.799522||0.800042||0.803508||0.803454||0.791488||0.791785|
|1||0.857653||0.791785||0.791488||0.803454||0.803508||0.800042||0.799522||0.800782||0.80209||0.80274||0.802793||0.802594||0.802448||0.802512||0.802793||0.803208||0.803654||0.804035||0.80429||0.804379||0.80429||0.804035||0.803654||0.803208||0.802793||0.802512||0.802448||0.802594||0.802793||0.80274||0.80209||0.800782||0.799522||0.800042||0.803508||0.803454||0.791488||0.791785||0.857653||1||1.665e-321||1||0.855495||0.786504||0.781841||0.791488||0.792752||0.789474||0.788299||0.788941||0.789757||0.790168||0.790149||0.789946||0.789787||0.789794||0.78997||0.790259||0.790577||0.790855||0.791041||0.791107||0.791041||0.790855||0.790577||0.790259||0.78997||0.789794||0.789787||0.789946||0.790149||0.790168||0.789757||0.788941||0.788299||0.789474||0.792752||0.791488||0.781841||0.786504|
|1||0.855495||0.786504||0.781841||0.791488||0.792752||0.789474||0.788299||0.788941||0.789757||0.790168||0.790149||0.789946||0.789787||0.789794||0.78997||0.790259||0.790577||0.790855||0.791041||0.791107||0.791041||0.790855||0.790577||0.790259||0.78997||0.789794||0.789787||0.789946||0.790149||0.790168||0.789757||0.788941||0.788299||0.789474||0.792752||0.791488||0.781841||0.786504||0.855495||1||1.665e-321||1||0.868954||0.796188||0.786504||0.791785||0.79221||0.789783||0.788617||0.788771||0.789227||0.789439||0.789389||0.78922||0.789087||0.789067||0.789168||0.789347||0.789552||0.789733||0.789855||0.789897||0.789855||0.789733||0.789552||0.789347||0.789168||0.789067||0.789087||0.78922||0.789389||0.789439||0.789227||0.788771||0.788617||0.789783||0.79221||0.791785||0.786504||0.796188|
|1||0.868954||0.796188||0.786504||0.791785||0.79221||0.789783||0.788617||0.788771||0.789227||0.789439||0.789389||0.78922||0.789087||0.789067||0.789168||0.789347||0.789552||0.789733||0.789855||0.789897||0.789855||0.789733||0.789552||0.789347||0.789168||0.789067||0.789087||0.78922||0.789389||0.789439||0.789227||0.788771||0.788617||0.789783||0.79221||0.791785||0.786504||0.796188||0.868954||1||1.665e-321||1||0.913955||0.868954||0.855495||0.857653||0.857384||0.855953||0.855153||0.855175||0.855348||0.855438||0.855397||0.855302||0.855225||0.855208||0.855251||0.855338||0.855437||0.855527||0.855587||0.855608||0.855587||0.855527||0.855437||0.855338||0.855251||0.855208||0.855225||0.855302||0.855397||0.855438||0.855348||0.855175||0.855153||0.855953||0.857384||0.857653||0.855495||0.868954|
|1||0.913955||0.868954||0.855495||0.857653||0.857384||0.855953||0.855153||0.855175||0.855348||0.855438||0.855397||0.855302||0.855225||0.855208||0.855251||0.855338||0.855437||0.855527||0.855587||0.855608||0.855587||0.855527||0.855437||0.855338||0.855251||0.855208||0.855225||0.855302||0.855397||0.855438||0.855348||0.855175||0.855153||0.855953||0.857384||0.857653||0.855495||0.868954||0.913955||1||1.665e-321||1||1||1||1||1||1||1||1||1||1||1||1||1||1||1||1||1||1||1||1||1||1||1||1||1||1||1||1||1||1||1||1||1||1||1||1||1||1||1|
|1||1||1||1||1||1||1||1||1||1||1||1||1||1||1||1||1||1||1||1||1||1||1||1||1||1||1||1||1||1||1||1||1||1||1||1||1||1||1||1||1||1.665e-321||1||0.826076||0.769895||0.790242||0.803235||0.798865||0.796338||0.798548||0.801828||0.804226||0.805244||0.805331||0.805093||0.80503||0.805328||0.805934||0.806704||0.80747||0.808104||0.808517||0.80866||0.808517||0.808104||0.80747||0.806704||0.805934||0.805328||0.80503||0.805093||0.805331||0.805244||0.804226||0.801828||0.798548||0.796338||0.798865||0.803235||0.790242||0.769895|
|2.57952e-70||4.39604e+291||1.70409e+290||2.57952e-70||4.39604e+291||1.70409e+290||2.57952e-70||4.39604e+291||1.70409e+290||2.57952e-70||4.39604e+291||1.70409e+290||2.57952e-70||4.39604e+291||1.70409e+290||2.52455e-52||3.315e-86||4.40012e+291||1.19966e-71||5.15535e-62||2.52455e-52||3.315e-86||4.39952e+291||1.08552e-42||1.4511e-47||2.52455e-52||3.315e-86||4.39952e+291||8.61134e-43||5.15535e-62||2.52455e-52||3.315e-86||4.40012e+291||1.89976e-52||5.15535e-62||2.52455e-52||3.315e-86||4.40013e+291||5.93626e-38||1.20032e-71||2.52455e-52||3.315e-86||4.39709e+291||3.85529e-57||1.58795e-47||2.52455e-52||3.315e-86||4.3977e+291||2.21583e-52||3.31465e-86||2.06562e+290||8.23732e-67||1.48508e-76||3.66733e-258||0||0||0||0||0||0||0||0||0||0||0||0||0||0||0||0||0||0||0||0||0||0||0.00390625||0.0390625||0.179688||0.507812||3.24107e-321|
|4.66504e-310||4.66504e-310||4.66504e-310||4.66504e-310||4.66504e-310||4.66504e-310||4.66504e-310||4.66504e-310||4.66504e-310||4.66504e-310||4.66504e-310||4.66504e-310||4.66504e-310||4.66504e-310||4.66504e-310||4.66504e-310||4.66504e-310||4.66504e-310||4.66504e-310||4.66504e-310||4.66504e-310||4.66504e-310||4.66504e-310||4.66504e-310||4.66504e-310||4.66504e-310||4.66504e-310||4.66504e-310||4.66504e-310||8.74496e-322||4.66504e-310||4.66504e-310||0.791391||0.788937||0.80056||0.803558||0.801796||0.801947||0.8037||0.805293||0.805911||0.805293||0.8037||0.801947||0.801796||0.803558||0.80056||0.788937||0.791391||0.857989||1||2.61361e-321||4.66504e-310||6.89938e-310||0.821957||0.832578||0.850401||0.855254||0.850401||0.832578||0.821957||0.873701||1||1.26975e-321||6.89938e-310||6.89938e-310||0.798998||0.8037||0.8195||0.824951||0.827571||0.832479||0.838006||0.841926||0.843325||0.841926||0.838006||0.832479||0.827571||0.824951||0.8195|
|0.841926||0.836226||0.830934||0.827817||0.821744||0.805293||0.800012||0.860881||1||4.00193e-322||4.66504e-310||4.66504e-310||0||0||0||0||0||0||1.26481e-321||4.74303e-322||4.66504e-310||0.918565||0.877503||0.867134||0.871916||0.873701||0.871916||0.867134||0.877503||0.918565||1||4.00193e-322||4.66504e-310||4.66504e-310||6.81877e-05||0.00146353||0.0132313||0.0680219||0.229192||0.550331||2.60867e-321||8.69556e-322||4.66504e-310||4.66504e-310||0.87067||0.857989||0.860846||0.861193||0.860306||0.859985||0.860414||0.860881||0.861077||0.860881||0.860414||0.859985||0.860306||0.861193||0.860846||0.857989||0.87067||0.91483||1||1.74405e-321||6.89938e-310||6.89938e-310||0.817983||0.826413||0.844892||0.850401||0.844892||0.826413||0.817983||0.871916||1||1.26975e-321||6.89938e-310||4.66504e-310||0.800405||0.805911||0.822589|
|0.831744||0.834074||0.836669||0.839349||0.841874||0.844027||0.845657||0.846667||0.847008||0.846667||0.845657||0.844027||0.841874||0.839349||0.836669||0.834074||0.831744||0.829626||0.827337||0.824199||0.819602||0.813767||0.808517||0.807626||0.808513||0.79268||0.770418||0.825984||1||1.665e-321||1||0.825984||0.770418||0.79268||0.808513||0.807626||0.808517||0.813767||0.819602||0.824199||0.827337||0.829626||0.831744||0.834074||0.836669||0.839349||0.841874||0.844027||0.845657||0.846667||0.847008||0.846667||0.845657||0.844027||0.841874||0.839349||0.836669||0.834074||0.831744||0.829626||0.827337||0.824199||0.819602||0.813767||0.808517||0.807626||0.808513||0.79268||0.770418||0.825984||1||1.665e-321||1||0.825922||0.770293||0.792487||0.808251||0.807289||0.808104||0.813275||0.819031|
|0.817041||0.821264||0.824044||0.826004||0.827827||0.829908||0.832299||0.834822||0.837231||0.839308||0.840889||0.841874||0.842207||0.841874||0.840889||0.839308||0.837231||0.834822||0.832299||0.829908||0.827827||0.826004||0.824044||0.821264||0.817041||0.811583||0.806704||0.806166||0.807388||0.791863||0.769889||0.825724||1||1.665e-321||1||0.825632||0.769697||0.791559||0.806948||0.805574||0.805934||0.810623||0.815876||0.819893||0.822468||0.824235||0.825882||0.827809||0.830071||0.83249||0.834822||0.836841||0.838386||0.839349||0.839676||0.839349||0.838386||0.836841||0.834822||0.83249||0.830071||0.827809||0.825882||0.824235||0.822468||0.819893||0.815876||0.810623||0.805934||0.805574||0.806948||0.791559||0.769697||0.825632||1||1.665e-321||1||0.825585||0.769592||0.79137||0.806653|
|0.806787||0.805132||0.805093||0.809264||0.813894||0.817203||0.819037||0.820054||0.820988||0.822259||0.823946||0.825882||0.827827||0.829556||0.830897||0.831744||0.832031||0.831744||0.830897||0.829556||0.827827||0.825882||0.823946||0.822259||0.820988||0.820054||0.819037||0.817203||0.813894||0.809264||0.805093||0.805132||0.806787||0.791568||0.769779||0.825698||1||1.665e-321||1||0.825821||0.769998||0.791845||0.807082||0.805406||0.805331||0.809416||0.813916||0.817042||0.818634||0.819394||0.820054||0.821066||0.82251||0.824235||0.826004||0.827595||0.82884||0.829626||0.829896||0.829626||0.82884||0.827595||0.826004||0.824235||0.82251||0.821066||0.820054||0.819394||0.818634||0.817042||0.813916||0.809416||0.805331||0.805406||0.807082||0.791845||0.769998||0.825821||1||1.665e-321||1|
|1||0.825581||0.769398||0.790629||0.805092||0.8026||0.801828||0.805458||0.809641||0.812504||0.813705||0.813916||0.813894||0.81415||0.814848||0.815876||0.817041||0.818144||0.819031||0.819602||0.819799||0.819602||0.819031||0.818144||0.817041||0.815876||0.814848||0.81415||0.813894||0.813916||0.813705||0.812504||0.809641||0.805458||0.801828||0.8026||0.805092||0.790629||0.769398||0.825581||1||1.665e-321||1||0.825483||0.768956||0.789693||0.803368||0.800068||0.798548||0.801597||0.805458||0.808134||0.809289||0.809416||0.809264||0.809338||0.809813||0.810623||0.811583||0.812516||0.813275||0.813767||0.813937||0.813767||0.813275||0.812516||0.811583||0.810623||0.809813||0.809338||0.809264||0.809416||0.809289||0.808134||0.805458||0.801597||0.798548||0.800068||0.803368||0.789693||0.768956|
|0.773858||0.828435||1||1.665e-321||1||0.829602||0.775438||0.799215||0.813159||0.807694||0.803235||0.803368||0.805092||0.806533||0.807134||0.807082||0.806787||0.806594||0.806653||0.806948||0.807388||0.807853||0.808251||0.808513||0.808605||0.808513||0.808251||0.807853||0.807388||0.806948||0.806653||0.806594||0.806787||0.807082||0.807134||0.806533||0.805092||0.803368||0.803235||0.807694||0.813159||0.799215||0.775438||0.829602||1||1.665e-321||1||0.826741||0.764467||0.782284||0.799215||0.795073||0.790242||0.789693||0.790629||0.79158||0.791948||0.791845||0.791568||0.791372||0.79137||0.791559||0.791863||0.792198||0.792487||0.79268||0.792747||0.79268||0.792487||0.792198||0.791863||0.791559||0.79137||0.791372||0.791568||0.791845||0.791948||0.79158||0.790629||0.789693||0.790242|
|0.826076||0.828435||0.829602||0.826741||0.827909||0.887521||1||1.665e-321||1||1||1||1||1||1||1||1||1||1||1||1||1||1||1||1||1||1||1||1||1||1||1||1||1||1||1||1||1||1||1||1||1||1||1||1||1||1||1||1||1||2.05773e-319||6.89938e-310||6.89938e-310||4.66504e-310||4.66504e-310||0||0||0||0||0||0||0||0||0||0||0||0||0||0||0||0||0||0||0||0||0||0||0.00390625||0.0390625||0.179688||0.507812||5.50982e-320|
|6.89938e-310||4.66504e-310||0.179688||0.0390625||0.00390625||0||0||0||0||0||0||0||0||0||0||0||0||0||0||0||0||0||0||0||0||0||0||0||0||0||0||0||0||0||0||0||0||0||0||0||0||0||0||0||0||0||0||0||0||0||0||0||0||0||0||0||0||0||0||0||0||0||0||0||0||0||0||0||0||0||0||0||0||0||0||0||0.00390625||0.0390625||0.179688||0.507812||6.15803e-320|
|6.89938e-310||4.66504e-310||0.179688||0.0390625||0.00390625||0||0||0||0||0||0||0||0||0||0||0||0||0||0||0||0||0||0||0||0||0||0||0||0||0||0||0||0||0||0||0||0||0||0||0||0||0||0||0||0||0||0||0||0||0||0||0||0||0||0||0||0||0||0||0||0||0||0||0||0||0||0||0||0||0||0||0||0||0||0||0||0.00390625||0.0390625||0.179688||0.507812||6.80625e-320|
|6.89938e-310||4.66504e-310||0.179688||0.0390625||0.00390625||0||0||0||0||0||0||0||0||0||0||0||0||0||0||0||0||0||0||0||0||0||0||0||0||0||0||0||0||0||0||0||0||0||0||0||0||0||0||0||0||0||0||0||0||0||0||0||0||0||0||0||0||0||0||0||0||0||0||0||0||0||0||0||0||0||0||0||0||0||0||0||0.00390625||0.0390625||0.179688||0.507812||7.45446e-320|
|6.89938e-310||4.66504e-310||0.179688||0.0390625||0.00390625||0||0||0||0||0||0||0||0||0||0||0||0||0||0||0||0||0||0||0||0||0||0||0||0||0||0||0||0||0||0||0||0||0||0||0||0||0||0||0||0||0||0||0||0||0||0||0||0||0||0||0||0||0||0||0||0||0||0||0||0||0||0||0||0||0||0||0||0||0||0||0||0.00390625||0.0390625||0.179688||0.507812||8.10268e-320|
|6.89938e-310||4.66504e-310||0.179688||0.0390625||0.00390625||0||0||0||0||0||0||0||0||0||0||0||0||0||0||0||0||0||0||0||0||0||0||0||0||0||0||0||0||0||0||0||0||0||0||0||0||0||0||0||0||0||0||0||0||0||0||0||0||0||0||0||0||0||0||0||0||0||0||0||0||0||0||0||0||0||0||0||0||0||0||0||0.00390625||0.0390625||0.179688||0.507812||8.75089e-320|
|6.89938e-310||4.66504e-310||0.179688||0.0390625||0.00390625||0||0||0||0||0||0||0||0||0||0||0||0||0||0||0||0||0||0||0||0||0||0||0||0||0||0||0||0||0||0||0||0||0||0||0||0||0||0||0||0||0||0||0||0||0||0||0||0||0||0||0||0||0||0||0||0||0||0||0||0||0||0||0||0||0||0||0||0||0||0||0||0.00390625||0.0390625||0.179688||0.507812||9.3991e-320|
